0.2 -334.0875214692797 -334.08768001861404
0.21000000000000002 -334.0875214692797 -334.08768001861404
0.22000000000000003 -334.0875214692797 -334.08768001861404
0.23000000000000004 -334.0875214692797 -334.08768001861404
0.24000000000000005 -334.0875214692797 -334.08768001861404
0.25000000000000006 -334.0875214692797 -334.08768001861404
0.26000000000000006 -334.0875214692797 -334.08768001861404
0.2700000000000001 -334.0875214692797 -334.08768001861404
0.2800000000000001 -334.0875214692797 -334.08768001861404
0.2900000000000001 -334.0875214692797 -334.08768001861404
0.3000000000000001 -334.0875214692797 -334.08768001861404
0.3100000000000001 -334.0875214692797 -334.08768001861404
0.3200000000000001 -334.0875214692797 -334.08768001861404
0.3300000000000001 -334.0875214692797 -334.08768001861404
0.34000000000000014 -334.0875214692797 -334.08768001861404
0.35000000000000014 -334.0875214692797 -334.08768001861404
0.36000000000000015 -334.0875214692797 -334.08768001861404
0.37000000000000016 -334.0875214692797 -334.08768001861404
0.38000000000000017 -334.0875214692797 -334.08768001861404
0.3900000000000002 -334.0875214692797 -334.08768001861404
0.4000000000000002 -334.0875214692797 -334.08768001861404
0.4100000000000002 -334.0875214692797 -334.08768001861404
0.4200000000000002 -334.0875214692797 -334.08768001861404
0.4300000000000002 -334.0875214692797 -334.08768001861404
0.4400000000000002 -334.0875214692797 -334.08768001861404
0.45000000000000023 -334.0875214692797 -334.08768001861404
0.46000000000000024 -334.0875214692797 -334.08768001861404
0.47000000000000025 -334.0875214692797 -334.08768001861404
0.48000000000000026 -334.0875214692797 -334.08768001861404
0.49000000000000027 -334.0875214692797 -334.08768001861404
0.5000000000000002 -334.0875214692797 -334.08768001861404
0.5100000000000002 -334.0875214692797 -334.08768001861404
0.5200000000000002 -334.0875214692797 -334.08768001861404
0.5300000000000002 -334.0875214692797 -334.08768001861404
0.5400000000000003 -334.0875214692797 -334.08768001861404
0.5500000000000003 -334.0875214692797 -334.08768001861404
0.5600000000000003 -334.0875214692797 -334.08768001861404
0.5700000000000003 -334.0875214692797 -334.08768001861404
0.5800000000000003 -334.0875214692797 -334.08768001861404
0.5900000000000003 -334.0875214692797 -334.08768001861404
0.6000000000000003 -334.0875214692797 -334.08768001861404
0.6100000000000003 -334.0875214692797 -334.08768001861404
0.6200000000000003 -334.0875214692797 -334.08768001861404
0.6300000000000003 -334.0875214692797 -334.08768001861404
0.6400000000000003 -334.0875214692797 -334.08768001861404
0.6500000000000004 -334.0875214692797 -334.08768001861404
0.6600000000000004 -334.0875214692797 -334.08768001861404
0.6700000000000004 -334.0875214692797 -334.08768001861404
0.6800000000000004 -334.0875214692797 -334.08768001861404
0.6900000000000004 -334.0875214692797 -334.08768001861404
0.7000000000000004 -334.0875214692797 -334.08768001861404
0.7100000000000004 -334.0875214692797 -334.08768001861404
0.7200000000000004 -334.0875214692797 -334.08768001861404
0.7300000000000004 -334.0875214692797 -334.08768001861404
0.7400000000000004 -334.0875214692797 -334.08768001861404
0.7500000000000004 -334.0875214692797 -334.08768001861404
0.7600000000000005 -334.0875214692797 -334.08768001861404
0.7700000000000005 -334.0875214692797 -334.08768001861404
0.7800000000000005 -334.0875214692797 -334.08768001861404
0.7900000000000005 -334.0875214692797 -334.08768001861404
0.8000000000000005 -334.0875214692797 -334.08768001861404
0.8100000000000005 -334.0875214692797 -334.08768001861404
0.8200000000000005 -334.0875214692797 -334.08768001861404
0.8300000000000005 -334.0875214692797 -334.08768001861404
0.8400000000000005 -334.0875214692797 -334.08768001861404
0.8500000000000005 -334.0875214692797 -334.08768001861404
0.8600000000000005 -334.0875214692797 -334.08768001861404
0.8700000000000006 -334.0875214692797 -334.08768001861404
0.8800000000000006 -334.0875214692797 -334.08768001861404
0.8900000000000006 -334.0875214692797 -334.08768001861404
0.9000000000000006 -334.0875214692797 -334.08768001861404
0.9100000000000006 -334.0875214692797 -334.08768001861404
0.9200000000000006 -334.0875214692797 -334.08768001861404
0.9300000000000006 -334.0875214692797 -334.08768001861404
0.9400000000000006 -334.0875214692797 -334.08768001861404
0.9500000000000006 -334.0875214692797 -334.08768001861404
0.9600000000000006 -334.0875214692797 -334.08768001861404
0.9700000000000006 -334.0875214692797 -334.08768001861404
0.9800000000000006 -334.0875214692797 -334.08768001861404
0.9900000000000007 -334.0875214692797 -334.08768001861404
1.0000000000000007 -334.0875214692797 -334.08768001861404
1.0100000000000007 -334.0875214692797 -334.08768001861404
1.0200000000000007 -334.0875214692797 -334.08768001861404
1.0300000000000007 -334.0875214692797 -334.08768001861404
1.0400000000000007 -334.0875214692797 -334.08768001861404
1.0500000000000007 -334.0875214692797 -334.08768001861404
1.0600000000000007 -334.0875214692797 -334.08768001861404
1.0700000000000007 -334.0875214692797 -334.08768001861404
1.0800000000000007 -334.0875214692797 -334.08768001861404
1.0900000000000007 -334.0875214692797 -334.08768001861404
1.1000000000000008 -334.0875214692797 -334.08768001861404
1.1100000000000008 -334.0875214692797 -334.08768001861404
1.1200000000000008 -334.0875214692797 -334.08768001861404
1.1300000000000008 -334.0875214692797 -334.08768001861404
1.1400000000000008 -334.0875214692797 -334.08768001861404
1.1500000000000008 -334.0875214692797 -334.08768001861404
1.1600000000000008 -334.0875214692797 -334.08768001861404
1.1700000000000008 -334.0875214692797 -334.08768001861404
1.1800000000000008 -334.0875214692797 -334.08768001861404
1.1900000000000008 -334.0875214692797 -334.08768001861404
1.2000000000000008 -334.0875214692797 -334.08768001861404
1.2100000000000009 -334.0875214692797 -334.08768001861404
1.2200000000000009 -334.0875214692797 -334.08768001861404
1.2300000000000009 -334.0875214692797 -334.08768001861404
1.2400000000000009 -334.0875214692797 -334.08768001861404
1.2500000000000009 -334.0875214692797 -334.08768001861404
1.260000000000001 -334.0875214692797 -334.08768001861404
1.270000000000001 -334.0875214692797 -334.08768001861404
1.280000000000001 -334.0875214692797 -334.08768001861404
1.290000000000001 -334.0875214692797 -334.08768001861404
1.300000000000001 -334.0875214692797 -334.08768001861404
1.310000000000001 -334.0875214692797 -334.08768001861404
1.320000000000001 -334.0875214692797 -334.08768001861404
1.330000000000001 -334.0875214692797 -334.08768001861404
1.340000000000001 -334.0875214692797 -334.08768001861404
1.350000000000001 -334.0875214692797 -334.08768001861404
1.360000000000001 -334.0875214692797 -334.08768001861404
1.370000000000001 -334.0875214692797 -334.08768001861404
1.380000000000001 -334.0875214692797 -334.08768001861404
1.390000000000001 -334.0875214692797 -334.08768001861404
1.400000000000001 -334.0875214692797 -334.08768001861404
1.410000000000001 -334.0875214692797 -334.08768001861404
1.420000000000001 -334.0875214692797 -334.08768001861404
1.430000000000001 -334.0875214692797 -334.08768001861404
1.440000000000001 -334.0875214692797 -334.08768001861404
1.450000000000001 -334.0875214692797 -334.08768001861404
1.460000000000001 -334.0875214692797 -334.08768001861404
1.470000000000001 -334.0875214692797 -334.08768001861404
1.480000000000001 -334.0875214692797 -334.08768001861404
1.490000000000001 -334.0875214692797 -334.08768001861404
1.500000000000001 -334.0875214692797 -334.08768001861404
1.5100000000000011 -334.0875214692797 -334.08768001861404
1.5200000000000011 -334.0875214692797 -334.08768001861404
1.5300000000000011 -334.0875214692797 -334.08768001861404
1.5400000000000011 -334.0875214692797 -334.08768001861404
1.5500000000000012 -334.0875214692797 -334.08768001861404
1.5600000000000012 -334.0875214692797 -334.08768001861404
1.5700000000000012 -334.0875214692797 -334.08768001861404
1.5800000000000012 -334.0875214692797 -334.08768001861404
1.5900000000000012 -334.0875214692797 -334.08768001861404
1.6000000000000012 -334.0875214692797 -334.08768001861404
1.6100000000000012 -334.0875214692797 -334.08768001861404
1.6200000000000012 -334.0875214692797 -334.08768001861404
1.6300000000000012 -334.0875214692797 -334.08768001861404
1.6400000000000012 -334.0875214692797 -334.08768001861404
1.6500000000000012 -334.0875214692797 -334.08768001861404
1.6600000000000013 -334.0875214692797 -334.08768001861404
1.6700000000000013 -334.0875214692797 -334.08768001861404
1.6800000000000013 -334.0875214692797 -334.08768001861404
1.6900000000000013 -334.0875214692797 -334.08768001861404
1.7000000000000013 -334.0875214692797 -334.08768001861404
1.7100000000000013 -334.0875214692797 -334.08768001861404
1.7200000000000013 -334.0875214692797 -334.08768001861404
1.7300000000000013 -334.0875214692797 -334.08768001861404
1.7400000000000013 -334.0875214692797 -334.08768001861404
1.7500000000000013 -334.0875214692797 -334.08768001861404
1.7600000000000013 -334.0875214692797 -334.08768001861404
1.7700000000000014 -334.0875214692797 -334.08768001861404
1.7800000000000014 -334.0875214692797 -334.08768001861404
1.7900000000000014 -334.0875214692797 -334.08768001861404
1.8000000000000014 -334.0875214692797 -334.08768001861404
1.8100000000000014 -334.0875214692797 -334.08768001861404
1.8200000000000014 -334.0875214692797 -334.08768001861404
1.8300000000000014 -334.0875214692797 -334.08768001861404
1.8400000000000014 -334.0875214692797 -334.08768001861404
1.8500000000000014 -334.0875214692797 -334.08768001861404
1.8600000000000014 -334.0875214692797 -334.08768001861404
1.8700000000000014 -334.0875214692797 -334.08768001861404
1.8800000000000014 -334.0875214692797 -334.08768001861404
1.8900000000000015 -334.0875214692797 -334.08768001861404
1.9000000000000015 -334.0875214692797 -334.08768001861404
1.9100000000000015 -334.0875214692797 -334.08768001861404
1.9200000000000015 -334.0875214692797 -334.08768001861404
1.9300000000000015 -334.0875214692797 -334.08768001861404
1.9400000000000015 -334.0875214692797 -334.08768001861404
1.9500000000000015 -334.0875214692797 -334.08768001861404
1.9600000000000015 -334.0875214692797 -334.08768001861404
1.9700000000000015 -334.0875214692797 -334.08768001861404
1.9800000000000015 -334.0875214692797 -334.08768001861404
1.9900000000000015 -334.0875214692797 -334.08768001861404
2.0000000000000013 -334.0875214692797 -334.08768001861404
2.010000000000001 -334.0875214692797 -334.08768001861404
2.020000000000001 -334.0875214692797 -334.08768001861404
2.0300000000000007 -334.0875214692797 -334.08768001861404
2.0400000000000005 -334.0875214692797 -334.08768001861404
2.0500000000000003 -334.0875214692797 -334.08768001861404
2.06 -334.0875214692797 -334.08768001861404
2.07 -334.0875214692797 -334.08768001861404
2.0799999999999996 -334.0875214692797 -334.08768001861404
2.0899999999999994 -334.0875214692797 -334.08768001861404
2.099999999999999 -334.0875214692797 -334.08768001861404
2.109999999999999 -334.0875214692797 -334.08768001861404
2.1199999999999988 -334.0875214692797 -334.08768001861404
2.1299999999999986 -334.0875214692797 -334.08768001861404
2.1399999999999983 -334.0875214692797 -334.08768001861404
2.149999999999998 -334.0875214692797 -334.08768001861404
2.159999999999998 -334.0875214692797 -334.08768001861404
2.1699999999999977 -334.0875214692797 -334.08768001861404
2.1799999999999975 -334.0875214692797 -334.08768001861404
2.1899999999999973 -334.0875214692797 -334.08768001861404
2.199999999999997 -334.0875214692797 -334.08768001861404
2.209999999999997 -334.0875214692797 -334.08768001861404
2.2199999999999966 -334.0875214692797 -334.08768001861404
2.2299999999999964 -334.0875214692797 -334.08768001861404
2.239999999999996 -334.0875214692797 -334.08768001861404
2.249999999999996 -334.0875214692797 -334.08768001861404
2.259999999999996 -334.0875214692797 -334.08768001861404
2.2699999999999956 -334.0875214692797 -334.08768001861404
2.2799999999999954 -334.0875214692797 -334.08768001861404
2.289999999999995 -334.0875214692797 -334.08768001861404
2.299999999999995 -334.0875214692797 -334.08768001861404
2.3099999999999947 -334.0875214692797 -334.08768001861404
2.3199999999999945 -334.0875214692797 -334.08768001861404
2.3299999999999943 -334.0875214692797 -334.08768001861404
2.339999999999994 -334.0875214692797 -334.08768001861404
2.349999999999994 -334.0875214692797 -334.08768001861404
2.3599999999999937 -334.0875214692797 -334.08768001861404
2.3699999999999934 -334.0875214692797 -334.08768001861404
2.3799999999999932 -334.0875214692797 -334.08768001861404
2.389999999999993 -334.0875214692797 -334.08768001861404
2.399999999999993 -334.0875214692797 -334.08768001861404
2.4099999999999926 -334.0875214692797 -334.08768001861404
2.4199999999999924 -334.0875214692797 -334.08768001861404
2.429999999999992 -334.0875214692797 -334.08768001861404
2.439999999999992 -334.0875214692797 -334.08768001861404
2.4499999999999917 -334.0875214692797 -334.08768001861404
2.4599999999999915 -334.0875214692797 -334.08768001861404
2.4699999999999913 -334.0875214692797 -334.08768001861404
2.479999999999991 -334.0875214692797 -334.08768001861404
2.489999999999991 -334.0875214692797 -334.08768001861404
2.4999999999999907 -334.0875214692797 -334.08768001861404
2.5099999999999905 -334.0875214692797 -334.08768001861404
2.5199999999999902 -334.0875214692797 -334.08768001861404
2.52999999999999 -334.0875214692797 -334.08768001861404
2.53999999999999 -334.0875214692797 -334.08768001861404
2.5499999999999896 -334.0875214692797 -334.08768001861404
2.5599999999999894 -334.0875214692797 -334.08768001861404
2.569999999999989 -334.0875214692797 -334.08768001861404
2.579999999999989 -334.0875214692797 -334.08768001861404
2.5899999999999888 -334.0875214692797 -334.08768001861404
2.5999999999999885 -334.0875214692797 -334.08768001861404
2.6099999999999883 -334.0875214692797 -334.08768001861404
2.619999999999988 -334.0875214692797 -334.08768001861404
2.629999999999988 -334.0875214692797 -334.08768001861404
2.6399999999999877 -334.0875214692797 -334.08768001861404
2.6499999999999875 -334.0875214692797 -334.08768001861404
2.6599999999999873 -334.0875214692797 -334.08768001861404
2.669999999999987 -334.0875214692797 -334.08768001861404
2.679999999999987 -334.0875214692797 -334.08768001861404
2.6899999999999866 -334.0875214692797 -334.08768001861404
2.6999999999999864 -334.0875214692797 -334.08768001861404
2.709999999999986 -334.0875214692797 -334.08768001861404
2.719999999999986 -334.0875214692797 -334.08768001861404
2.7299999999999858 -334.0875214692797 -334.08768001861404
2.7399999999999856 -334.0875214692797 -334.08768001861404
2.7499999999999853 -334.0875214692797 -334.08768001861404
2.759999999999985 -334.0875214692797 -334.08768001861404
2.769999999999985 -334.0875214692797 -334.08768001861404
2.7799999999999847 -334.0875214692797 -334.08768001861404
2.7899999999999845 -334.0875214692797 -334.08768001861404
2.7999999999999843 -334.0875214692797 -334.08768001861404
2.809999999999984 -334.0875214692797 -334.08768001861404
2.819999999999984 -334.0875214692797 -334.08768001861404
2.8299999999999836 -334.0875214692797 -334.08768001861404
2.8399999999999834 -334.0875214692797 -334.08768001861404
2.849999999999983 -334.0875214692797 -334.08768001861404
2.859999999999983 -334.0875214692797 -334.08768001861404
2.869999999999983 -334.0875214692797 -334.08768001861404
2.8799999999999826 -334.0875214692797 -334.08768001861404
2.8899999999999824 -334.0875214692797 -334.08768001861404
2.899999999999982 -334.0875214692797 -334.08768001861404
2.909999999999982 -334.0875214692797 -334.08768001861404
2.9199999999999817 -334.0875214692797 -334.08768001861404
2.9299999999999815 -334.0875214692797 -334.08768001861404
2.9399999999999813 -334.0875214692797 -334.08768001861404
2.949999999999981 -334.0875214692797 -334.08768001861404
2.959999999999981 -334.0875214692797 -334.08768001861404
2.9699999999999807 -334.0875214692797 -334.08768001861404
2.9799999999999804 -334.0875214692797 -334.08768001861404
2.9899999999999802 -334.0875214692797 -334.08768001861404
2.99999999999998 -334.0875214692797 -334.08768001861404
3.00999999999998 -334.0875214692797 -334.08768001861404
3.0199999999999796 -334.0875214692797 -334.08768001861404
3.0299999999999794 -334.0875214692797 -334.08768001861404
3.039999999999979 -334.0875214692797 -334.08768001861404
3.049999999999979 -334.0875214692797 -334.08768001861404
3.0599999999999787 -334.0875214692797 -334.08768001861404
3.0699999999999785 -334.0875214692797 -334.08768001861404
3.0799999999999783 -334.0875214692797 -334.08768001861404
3.089999999999978 -334.0875214692797 -334.08768001861404
3.099999999999978 -334.0875214692797 -334.08768001861404
3.1099999999999777 -334.0875214692797 -334.08768001861404
3.1199999999999775 -334.0875214692797 -334.08768001861404
3.1299999999999772 -334.0875214692797 -334.08768001861404
3.139999999999977 -334.0875214692797 -334.08768001861404
3.149999999999977 -334.0875214692797 -334.08768001861404
3.1599999999999766 -334.0875214692797 -334.08768001861404
3.1699999999999764 -334.0875214692797 -334.08768001861404
3.179999999999976 -334.0875214692797 -334.08768001861404
3.189999999999976 -334.0875214692797 -334.08768001861404
3.1999999999999758 -334.0875214692797 -334.08768001861404
3.2099999999999755 -334.0875214692797 -334.08768001861404
3.2199999999999753 -334.0875214692797 -334.08768001861404
3.229999999999975 -334.0875214692797 -334.08768001861404
3.239999999999975 -334.0875214692797 -334.08768001861404
3.2499999999999747 -334.0875214692797 -334.08768001861404
3.2599999999999745 -334.0875214692797 -334.08768001861404
3.2699999999999743 -334.0875214692797 -334.08768001861404
3.279999999999974 -334.0875214692797 -334.08768001861404
3.289999999999974 -334.0875214692797 -334.08768001861404
3.2999999999999736 -334.0875214692797 -334.08768001861404
3.3099999999999734 -334.0875214692797 -334.08768001861404
3.319999999999973 -334.0875214692797 -334.08768001861404
3.329999999999973 -334.0875214692797 -334.08768001861404
3.3399999999999728 -334.0875214692797 -334.08768001861404
3.3499999999999726 -334.0875214692797 -334.08768001861404
3.3599999999999723 -334.0875214692797 -334.08768001861404
3.369999999999972 -334.0875214692797 -334.08768001861404
3.379999999999972 -334.0875214692797 -334.08768001861404
3.3899999999999717 -334.0875214692797 -334.08768001861404
3.3999999999999715 -334.0875214692797 -334.08768001861404
3.4099999999999713 -334.0875214692797 -334.08768001861404
3.419999999999971 -334.0875214692797 -334.08768001861404
3.429999999999971 -334.0875214692797 -334.08768001861404
3.4399999999999706 -334.0875214692797 -334.08768001861404
3.4499999999999704 -334.0875214692797 -334.08768001861404
3.45999999999997 -334.0875214692797 -334.08768001861404
3.46999999999997 -334.0875214692797 -334.08768001861404
3.47999999999997 -334.0875214692797 -334.08768001861404
3.4899999999999696 -334.0875214692797 -334.08768001861404
3.4999999999999694 -334.0875214692797 -334.08768001861404
3.509999999999969 -334.0875214692797 -334.08768001861404
3.519999999999969 -334.0875214692797 -334.08768001861404
3.5299999999999687 -334.0875214692797 -334.08768001861404
3.5399999999999685 -334.0875214692797 -334.08768001861404
3.5499999999999683 -334.0875214692797 -334.08768001861404
3.559999999999968 -334.0875214692797 -334.08768001861404
3.569999999999968 -334.0875214692797 -334.08768001861404
3.5799999999999677 -334.0875214692797 -334.08768001861404
3.5899999999999674 -334.0875214692797 -334.08768001861404
3.5999999999999672 -334.0875214692797 -334.08768001861404
3.609999999999967 -334.0875214692797 -334.08768001861404
3.619999999999967 -334.0875214692797 -334.08768001861404
3.6299999999999666 -334.0875214692797 -334.08768001861404
3.6399999999999664 -334.0875214692797 -334.08768001861404
3.649999999999966 -334.0875214692797 -334.08768001861404
3.659999999999966 -334.0875214692797 -334.08768001861404
3.6699999999999657 -334.0875214692797 -334.08768001861404
3.6799999999999655 -334.0875214692797 -334.08768001861404
3.6899999999999653 -334.0875214692797 -334.08768001861404
3.699999999999965 -334.0875214692797 -334.08768001861404
3.709999999999965 -334.0875214692797 -334.08768001861404
3.7199999999999647 -334.0875214692797 -334.08768001861404
3.7299999999999645 -334.0875214692797 -334.08768001861404
3.7399999999999642 -334.0875214692797 -334.08768001861404
3.749999999999964 -334.0875214692797 -334.08768001861404
3.759999999999964 -334.0875214692797 -334.08768001861404
3.7699999999999636 -334.0875214692797 -334.08768001861404
3.7799999999999634 -334.0875214692797 -334.08768001861404
3.789999999999963 -334.0875214692797 -334.08768001861404
3.799999999999963 -334.0875214692797 -334.08768001861404
3.8099999999999627 -334.0875214692797 -334.08768001861404
3.8199999999999625 -334.0875214692797 -334.08768001861404
3.8299999999999623 -334.0875214692797 -334.08768001861404
3.839999999999962 -334.0875214692797 -334.08768001861404
3.849999999999962 -334.0875214692797 -334.08768001861404
3.8599999999999617 -334.0875214692797 -334.08768001861404
3.8699999999999615 -334.0875214692797 -334.08768001861404
3.8799999999999613 -334.0875214692797 -334.08768001861404
3.889999999999961 -334.0875214692797 -334.08768001861404
3.899999999999961 -334.0875214692797 -334.08768001861404
3.9099999999999606 -334.0875214692797 -334.08768001861404
3.9199999999999604 -334.0875214692797 -334.08768001861404
3.92999999999996 -334.0875214692797 -334.08768001861404
3.93999999999996 -334.0875214692797 -334.08768001861404
3.9499999999999598 -334.0875214692797 -334.08768001861404
3.9599999999999596 -334.0875214692797 -334.08768001861404
3.9699999999999593 -334.0875214692797 -334.08768001861404
3.979999999999959 -334.0875214692797 -334.08768001861404
3.989999999999959 -334.0875214692797 -334.08768001861404
3.9999999999999587 -334.0875214692797 -334.08768001861404
4.009999999999959 -334.0875214692797 -334.08768001861404
4.019999999999959 -334.0875214692797 -334.08768001861404
4.0299999999999585 -334.0875214692797 -334.08768001861404
4.039999999999958 -334.0875214692797 -334.08768001861404
4.049999999999958 -334.0875214692797 -334.08768001861404
4.059999999999958 -334.0875214692797 -334.08768001861404
4.069999999999958 -334.0875214692797 -334.08768001861404
4.079999999999957 -334.0875214692797 -334.08768001861404
4.089999999999957 -334.0875214692797 -334.08768001861404
4.099999999999957 -334.0875214692797 -334.08768001861404
4.109999999999957 -334.0875214692797 -334.08768001861404
4.119999999999957 -334.0875214692797 -334.08768001861404
4.129999999999956 -334.0875214692797 -334.08768001861404
4.139999999999956 -334.0875214692797 -334.08768001861404
4.149999999999956 -334.0875214692797 -334.08768001861404
4.159999999999956 -334.0875214692797 -334.08768001861404
4.1699999999999555 -334.0875214692797 -334.08768001861404
4.179999999999955 -334.0875214692797 -334.08768001861404
4.189999999999955 -334.0875214692797 -334.08768001861404
4.199999999999955 -334.0875214692797 -334.08768001861404
4.209999999999955 -334.0875214692797 -334.08768001861404
4.2199999999999545 -334.0875214692797 -334.08768001861404
4.229999999999954 -334.0875214692797 -334.08768001861404
4.239999999999954 -334.0875214692797 -334.08768001861404
4.249999999999954 -334.0875214692797 -334.08768001861404
4.259999999999954 -334.0875214692797 -334.08768001861404
4.269999999999953 -334.0875214692797 -334.08768001861404
4.279999999999953 -334.0875214692797 -334.08768001861404
4.289999999999953 -334.0875214692797 -334.08768001861404
4.299999999999953 -334.0875214692797 -334.08768001861404
4.3099999999999525 -334.0875214692797 -334.08768001861404
4.319999999999952 -334.0875214692797 -334.08768001861404
4.329999999999952 -334.0875214692797 -334.08768001861404
4.339999999999952 -334.0875214692797 -334.08768001861404
4.349999999999952 -334.0875214692797 -334.08768001861404
4.3599999999999515 -334.0875214692797 -334.08768001861404
4.369999999999951 -334.0875214692797 -334.08768001861404
4.379999999999951 -334.0875214692797 -334.08768001861404
4.389999999999951 -334.0875214692797 -334.08768001861404
4.399999999999951 -334.0875214692797 -334.08768001861404
4.40999999999995 -334.0875214692797 -334.08768001861404
4.41999999999995 -334.0875214692797 -334.08768001861404
4.42999999999995 -334.0875214692797 -334.08768001861404
4.43999999999995 -334.0875214692797 -334.08768001861404
4.4499999999999496 -334.0875214692797 -334.08768001861404
4.459999999999949 -334.0875214692797 -334.08768001861404
4.469999999999949 -334.0875214692797 -334.08768001861404
4.479999999999949 -334.0875214692797 -334.08768001861404
4.489999999999949 -334.0875214692797 -334.08768001861404
4.4999999999999485 -334.0875214692797 -334.08768001861404
4.509999999999948 -334.0875214692797 -334.08768001861404
4.519999999999948 -334.0875214692797 -334.08768001861404
4.529999999999948 -334.0875214692797 -334.08768001861404
4.539999999999948 -334.0875214692797 -334.08768001861404
4.549999999999947 -334.0875214692797 -334.08768001861404
4.559999999999947 -334.0875214692797 -334.08768001861404
4.569999999999947 -334.0875214692797 -334.08768001861404
4.579999999999947 -334.0875214692797 -334.08768001861404
4.589999999999947 -334.0875214692797 -334.08768001861404
4.599999999999946 -334.0875214692797 -334.08768001861404
4.609999999999946 -334.0875214692797 -334.08768001861404
4.619999999999946 -334.0875214692797 -334.08768001861404
4.629999999999946 -334.0875214692797 -334.08768001861404
4.6399999999999455 -334.0875214692797 -334.08768001861404
4.649999999999945 -334.0875214692797 -334.08768001861404
4.659999999999945 -334.0875214692797 -334.08768001861404
4.669999999999945 -334.0875214692797 -334.08768001861404
4.679999999999945 -334.0875214692797 -334.08768001861404
4.689999999999944 -334.0875214692797 -334.08768001861404
4.699999999999944 -334.0875214692797 -334.08768001861404
4.709999999999944 -334.0875214692797 -334.08768001861404
4.719999999999944 -334.0875214692797 -334.08768001861404
4.729999999999944 -334.0875214692797 -334.08768001861404
4.739999999999943 -334.0875214692797 -334.08768001861404
4.749999999999943 -334.0875214692797 -334.08768001861404
4.759999999999943 -334.0875214692797 -334.08768001861404
4.769999999999943 -334.0875214692797 -334.08768001861404
4.7799999999999425 -334.0875214692797 -334.08768001861404
4.789999999999942 -334.0875214692797 -334.08768001861404
4.799999999999942 -334.0875214692797 -334.08768001861404
4.809999999999942 -334.0875214692797 -334.08768001861404
4.819999999999942 -334.0875214692797 -334.08768001861404
4.8299999999999415 -334.0875214692797 -334.08768001861404
4.839999999999941 -334.0875214692797 -334.08768001861404
4.849999999999941 -334.0875214692797 -334.08768001861404
4.859999999999941 -334.0875214692797 -334.08768001861404
4.869999999999941 -334.0875214692797 -334.08768001861404
4.87999999999994 -334.0875214692797 -334.08768001861404
4.88999999999994 -334.0875214692797 -334.08768001861404
4.89999999999994 -334.0875214692797 -334.08768001861404
4.90999999999994 -334.0875214692797 -334.08768001861404
4.9199999999999395 -334.0875214692797 -334.08768001861404
4.929999999999939 -334.0875214692797 -334.08768001861404
4.939999999999939 -334.0875214692797 -334.08768001861404
4.949999999999939 -334.0875214692797 -334.08768001861404
4.959999999999939 -334.0875214692797 -334.08768001861404
4.9699999999999385 -334.0875214692797 -334.08768001861404
4.979999999999938 -334.0875214692797 -334.08768001861404
4.989999999999938 -334.0875214692797 -334.08768001861404
4.999999999999938 -334.0875214692797 -334.08768001861404
5.009999999999938 -334.0875214692797 -334.08768001861404
5.019999999999937 -334.0875214692797 -334.08768001861404
5.029999999999937 -334.0875214692797 -334.08768001861404
5.039999999999937 -334.0875214692797 -334.08768001861404
5.049999999999937 -334.0875214692797 -334.08768001861404
5.0599999999999365 -334.0875214692797 -334.08768001861404
5.069999999999936 -334.0875214692797 -334.08768001861404
5.079999999999936 -334.0875214692797 -334.08768001861404
5.089999999999936 -334.0875214692797 -334.08768001861404
5.099999999999936 -334.0875214692797 -334.08768001861404
5.1099999999999355 -334.0875214692797 -334.08768001861404
5.119999999999935 -334.0875214692797 -334.08768001861404
5.129999999999935 -334.0875214692797 -334.08768001861404
5.139999999999935 -334.0875214692797 -334.08768001861404
5.149999999999935 -334.0875214692797 -334.08768001861404
5.159999999999934 -334.0875214692797 -334.08768001861404
5.169999999999934 -334.0875214692797 -334.08768001861404
5.179999999999934 -334.0875214692797 -334.08768001861404
5.189999999999934 -334.0875214692797 -334.08768001861404
5.199999999999934 -334.0875214692797 -334.08768001861404
5.209999999999933 -334.0875214692797 -334.08768001861404
5.219999999999933 -334.0875214692797 -334.08768001861404
5.229999999999933 -334.0875214692797 -334.08768001861404
5.239999999999933 -334.0875214692797 -334.08768001861404
5.2499999999999325 -334.0875214692797 -334.08768001861404
5.259999999999932 -334.0875214692797 -334.08768001861404
5.269999999999932 -334.0875214692797 -334.08768001861404
5.279999999999932 -334.0875214692797 -334.08768001861404
5.289999999999932 -334.0875214692797 -334.08768001861404
5.299999999999931 -334.0875214692797 -334.08768001861404
5.309999999999931 -334.0875214692797 -334.08768001861404
5.319999999999931 -334.0875214692797 -334.08768001861404
5.329999999999931 -334.0875214692797 -334.08768001861404
5.339999999999931 -334.0875214692797 -334.08768001861404
5.34999999999993 -334.0875214692797 -334.08768001861404
5.35999999999993 -334.0875214692797 -334.08768001861404
5.36999999999993 -334.0875214692797 -334.08768001861404
5.37999999999993 -334.0875214692797 -334.08768001861404
5.3899999999999295 -334.0875214692797 -334.08768001861404
5.399999999999929 -334.0875214692797 -334.08768001861404
5.409999999999929 -334.0875214692797 -334.08768001861404
5.419999999999929 -334.0875214692797 -334.08768001861404
5.429999999999929 -334.0875214692797 -334.08768001861404
5.4399999999999284 -334.0875214692797 -334.08768001861404
5.449999999999928 -334.0875214692797 -334.08768001861404
5.459999999999928 -334.0875214692797 -334.08768001861404
5.469999999999928 -334.0875214692797 -334.08768001861404
5.479999999999928 -334.0875214692797 -334.08768001861404
5.489999999999927 -334.0875214692797 -334.08768001861404
5.499999999999927 -334.0875214692797 -334.08768001861404
5.509999999999927 -334.0875214692797 -334.08768001861404
5.519999999999927 -334.0875214692797 -334.08768001861404
5.5299999999999265 -334.0875214692797 -334.08768001861404
5.539999999999926 -334.0875214692797 -334.08768001861404
5.549999999999926 -334.0875214692797 -334.08768001861404
5.559999999999926 -334.0875214692797 -334.08768001861404
5.569999999999926 -334.0875214692797 -334.08768001861404
5.5799999999999255 -334.0875214692797 -334.08768001861404
5.589999999999925 -334.0875214692797 -334.08768001861404
5.599999999999925 -334.0875214692797 -334.08768001861404
5.609999999999925 -334.0875214692797 -334.08768001861404
5.619999999999925 -334.0875214692797 -334.08768001861404
5.629999999999924 -334.0875214692797 -334.08768001861404
5.639999999999924 -334.0875214692797 -334.08768001861404
5.649999999999924 -334.0875214692797 -334.08768001861404
5.659999999999924 -334.0875214692797 -334.08768001861404
5.6699999999999235 -334.0875214692797 -334.08768001861404
5.679999999999923 -334.0875214692797 -334.08768001861404
5.689999999999923 -334.0875214692797 -334.08768001861404
5.699999999999923 -334.0875214692797 -334.08768001861404
5.709999999999923 -334.0875214692797 -334.08768001861404
5.7199999999999225 -334.0875214692797 -334.08768001861404
5.729999999999922 -334.0875214692797 -334.08768001861404
5.739999999999922 -334.0875214692797 -334.08768001861404
5.749999999999922 -334.0875214692797 -334.08768001861404
5.759999999999922 -334.0875214692797 -334.08768001861404
5.769999999999921 -334.0875214692797 -334.08768001861404
5.779999999999921 -334.0875214692797 -334.08768001861404
5.789999999999921 -334.0875214692797 -334.08768001861404
5.799999999999921 -334.0875214692797 -334.08768001861404
5.809999999999921 -334.0875214692797 -334.08768001861404
5.81999999999992 -334.0875214692797 -334.08768001861404
5.82999999999992 -334.0875214692797 -334.08768001861404
5.83999999999992 -334.0875214692797 -334.08768001861404
5.84999999999992 -334.0875214692797 -334.08768001861404
5.8599999999999195 -334.0875214692797 -334.08768001861404
5.869999999999919 -334.0875214692797 -334.08768001861404
5.879999999999919 -334.0875214692797 -334.08768001861404
5.889999999999919 -334.0875214692797 -334.08768001861404
5.899999999999919 -334.0875214692797 -334.08768001861404
5.909999999999918 -334.0875214692797 -334.08768001861404
5.919999999999918 -334.0875214692797 -334.08768001861404
5.929999999999918 -334.0875214692797 -334.08768001861404
5.939999999999918 -334.0875214692797 -334.08768001861404
5.949999999999918 -334.0875214692797 -334.08768001861404
5.959999999999917 -334.0875214692797 -334.08768001861404
5.969999999999917 -334.0875214692797 -334.08768001861404
5.979999999999917 -334.0875214692797 -334.08768001861404
5.989999999999917 -334.0875214692797 -334.08768001861404
5.9999999999999165 -334.0875214692797 -334.08768001861404
6.009999999999916 -334.0875214692797 -334.08768001861404
6.019999999999916 -334.0875214692797 -334.08768001861404
6.029999999999916 -334.0875214692797 -334.08768001861404
6.039999999999916 -334.0875214692797 -334.08768001861404
6.0499999999999154 -334.0875214692797 -334.08768001861404
6.059999999999915 -334.0875214692797 -334.08768001861404
6.069999999999915 -334.0875214692797 -334.08768001861404
6.079999999999915 -334.0875214692797 -334.08768001861404
6.089999999999915 -334.0875214692797 -334.08768001861404
6.099999999999914 -334.0875214692797 -334.08768001861404
6.109999999999914 -334.0875214692797 -334.08768001861404
6.119999999999914 -334.0875214692797 -334.08768001861404
6.129999999999914 -334.0875214692797 -334.08768001861404
6.1399999999999135 -334.0875214692797 -334.08768001861404
6.149999999999913 -334.0875214692797 -334.08768001861404
6.159999999999913 -334.0875214692797 -334.08768001861404
6.169999999999913 -334.0875214692797 -334.08768001861404
6.179999999999913 -334.0875214692797 -334.08768001861404
6.1899999999999125 -334.0875214692797 -334.08768001861404
6.199999999999912 -334.0875214692797 -334.08768001861404
6.209999999999912 -334.0875214692797 -334.08768001861404
6.219999999999912 -334.0875214692797 -334.08768001861404
6.229999999999912 -334.0875214692797 -334.08768001861404
6.239999999999911 -334.0875214692797 -334.08768001861404
6.249999999999911 -334.0875214692797 -334.08768001861404
6.259999999999911 -334.0875214692797 -334.08768001861404
6.269999999999911 -334.0875214692797 -334.08768001861404
6.2799999999999105 -334.0875214692797 -334.08768001861404
6.28999999999991 -334.0875214692797 -334.08768001861404
6.29999999999991 -334.0875214692797 -334.08768001861404
6.30999999999991 -334.0875214692797 -334.08768001861404
6.31999999999991 -334.0875214692797 -334.08768001861404
6.3299999999999095 -334.0875214692797 -334.08768001861404
6.339999999999909 -334.0875214692797 -334.08768001861404
6.349999999999909 -334.0875214692797 -334.08768001861404
6.359999999999909 -334.0875214692797 -334.08768001861404
6.369999999999909 -334.0875214692797 -334.08768001861404
6.379999999999908 -334.0875214692797 -334.08768001861404
6.389999999999908 -334.0875214692797 -334.08768001861404
6.399999999999908 -334.0875214692797 -334.08768001861404
6.409999999999908 -334.0875214692797 -334.08768001861404
6.419999999999908 -334.0875214692797 -334.08768001861404
6.429999999999907 -334.0875214692797 -334.08768001861404
6.439999999999907 -334.0875214692797 -334.08768001861404
6.449999999999907 -334.0875214692797 -334.08768001861404
6.459999999999907 -334.0875214692797 -334.08768001861404
6.4699999999999065 -334.0875214692797 -334.08768001861404
6.479999999999906 -334.0875214692797 -334.08768001861404
6.489999999999906 -334.0875214692797 -334.08768001861404
6.499999999999906 -334.0875214692797 -334.08768001861404
6.509999999999906 -334.0875214692797 -334.08768001861404
6.519999999999905 -334.0875214692797 -334.08768001861404
6.529999999999905 -334.0875214692797 -334.08768001861404
6.539999999999905 -334.0875214692797 -334.08768001861404
6.549999999999905 -334.0875214692797 -334.08768001861404
6.559999999999905 -334.0875214692797 -334.08768001861404
6.569999999999904 -334.0875214692797 -334.08768001861404
6.579999999999904 -334.0875214692797 -334.08768001861404
6.589999999999904 -334.0875214692797 -334.08768001861404
6.599999999999904 -334.0875214692797 -334.08768001861404
6.6099999999999035 -334.0875214692797 -334.08768001861404
6.619999999999903 -334.0875214692797 -334.08768001861404
6.629999999999903 -334.0875214692797 -334.08768001861404
6.639999999999903 -334.0875214692797 -334.08768001861404
6.649999999999903 -334.0875214692797 -334.08768001861404
6.659999999999902 -334.0875214692797 -334.08768001861404
6.669999999999902 -334.0875214692797 -334.08768001861404
6.679999999999902 -334.0875214692797 -334.08768001861404
6.689999999999902 -334.0875214692797 -334.08768001861404
6.699999999999902 -334.0875214692797 -334.08768001861404
6.709999999999901 -334.0875214692797 -334.08768001861404
6.719999999999901 -334.0875214692797 -334.08768001861404
6.729999999999901 -334.0875214692797 -334.08768001861404
6.739999999999901 -334.0875214692797 -334.08768001861404
6.7499999999999005 -334.0875214692797 -334.08768001861404
6.7599999999999 -334.0875214692797 -334.08768001861404
6.7699999999999 -334.0875214692797 -334.08768001861404
6.7799999999999 -334.0875214692797 -334.08768001861404
6.7899999999999 -334.0875214692797 -334.08768001861404
6.7999999999998995 -334.0875214692797 -334.08768001861404
6.809999999999899 -334.0875214692797 -334.08768001861404
6.819999999999899 -334.0875214692797 -334.08768001861404
6.829999999999899 -334.0875214692797 -334.08768001861404
6.839999999999899 -334.0875214692797 -334.08768001861404
6.849999999999898 -334.0875214692797 -334.08768001861404
6.859999999999898 -334.0875214692797 -334.08768001861404
6.869999999999898 -334.0875214692797 -334.08768001861404
6.879999999999898 -334.0875214692797 -334.08768001861404
6.8899999999998975 -334.0875214692797 -334.08768001861404
6.899999999999897 -334.0875214692797 -334.08768001861404
6.909999999999897 -334.0875214692797 -334.08768001861404
6.919999999999897 -334.0875214692797 -334.08768001861404
6.929999999999897 -334.0875214692797 -334.08768001861404
6.9399999999998965 -334.0875214692797 -334.08768001861404
6.949999999999896 -334.0875214692797 -334.08768001861404
6.959999999999896 -334.0875214692797 -334.08768001861404
6.969999999999896 -334.0875214692797 -334.08768001861404
6.979999999999896 -334.0875214692797 -334.08768001861404
6.989999999999895 -334.0875214692797 -334.08768001861404
6.999999999999895 -334.0875214692797 -334.08768001861404
7.009999999999895 -334.0875214692797 -334.08768001861404
7.019999999999895 -334.0875214692797 -334.08768001861404
7.0299999999998946 -334.0875214692797 -334.08768001861404
7.039999999999894 -334.0875214692797 -334.08768001861404
7.049999999999894 -334.0875214692797 -334.08768001861404
7.059999999999894 -334.0875214692797 -334.08768001861404
7.069999999999894 -334.0875214692797 -334.08768001861404
7.0799999999998935 -334.0875214692797 -334.08768001861404
7.089999999999893 -334.0875214692797 -334.08768001861404
7.099999999999893 -334.0875214692797 -334.08768001861404
7.109999999999893 -334.0875214692797 -334.08768001861404
7.119999999999893 -334.0875214692797 -334.08768001861404
7.129999999999892 -334.0875214692797 -334.08768001861404
7.139999999999892 -334.0875214692797 -334.08768001861404
7.149999999999892 -334.0875214692797 -334.08768001861404
7.159999999999892 -334.0875214692797 -334.08768001861404
7.169999999999892 -334.0875214692797 -334.08768001861404
7.179999999999891 -334.0875214692797 -334.08768001861404
7.189999999999891 -334.0875214692797 -334.08768001861404
7.199999999999891 -334.0875214692797 -334.08768001861404
7.209999999999891 -334.0875214692797 -334.08768001861404
7.2199999999998905 -334.0875214692797 -334.08768001861404
7.22999999999989 -334.0875214692797 -334.08768001861404
7.23999999999989 -334.0875214692797 -334.08768001861404
7.24999999999989 -334.0875214692797 -334.08768001861404
7.25999999999989 -334.0875214692797 -334.08768001861404
7.269999999999889 -334.0875214692797 -334.08768001861404
7.279999999999889 -334.0875214692797 -334.08768001861404
7.289999999999889 -334.0875214692797 -334.08768001861404
7.299999999999889 -334.0875214692797 -334.08768001861404
7.309999999999889 -334.0875214692797 -334.08768001861404
7.319999999999888 -334.0875214692797 -334.08768001861404
7.329999999999888 -334.0875214692797 -334.08768001861404
7.339999999999888 -334.0875214692797 -334.08768001861404
7.349999999999888 -334.0875214692797 -334.08768001861404
7.3599999999998875 -334.0875214692797 -334.08768001861404
7.369999999999887 -334.0875214692797 -334.08768001861404
7.379999999999887 -334.0875214692797 -334.08768001861404
7.389999999999887 -334.0875214692797 -334.08768001861404
7.399999999999887 -334.0875214692797 -334.08768001861404
7.4099999999998865 -334.0875214692797 -334.08768001861404
7.419999999999886 -334.0875214692797 -334.08768001861404
7.429999999999886 -334.0875214692797 -334.08768001861404
7.439999999999886 -334.0875214692797 -334.08768001861404
7.449999999999886 -334.0875214692797 -334.08768001861404
7.459999999999885 -334.0875214692797 -334.08768001861404
7.469999999999885 -334.0875214692797 -334.08768001861404
7.479999999999885 -334.0875214692797 -334.08768001861404
7.489999999999885 -334.0875214692797 -334.08768001861404
7.4999999999998845 -334.0875214692797 -334.08768001861404
7.509999999999884 -334.0875214692797 -334.08768001861404
7.519999999999884 -334.0875214692797 -334.08768001861404
7.529999999999884 -334.0875214692797 -334.08768001861404
7.539999999999884 -334.0875214692797 -334.08768001861404
7.5499999999998835 -334.0875214692797 -334.08768001861404
7.559999999999883 -334.0875214692797 -334.08768001861404
7.569999999999883 -334.0875214692797 -334.08768001861404
7.579999999999883 -334.0875214692797 -334.08768001861404
7.589999999999883 -334.0875214692797 -334.08768001861404
7.599999999999882 -334.0875214692797 -334.08768001861404
7.609999999999882 -334.0875214692797 -334.08768001861404
7.619999999999882 -334.0875214692797 -334.08768001861404
7.629999999999882 -334.0875214692797 -334.08768001861404
7.6399999999998816 -334.0875214692797 -334.08768001861404
7.649999999999881 -334.0875214692797 -334.08768001861404
7.659999999999881 -334.0875214692797 -334.08768001861404
7.669999999999881 -334.0875214692797 -334.08768001861404
7.679999999999881 -334.0875214692797 -334.08768001861404
7.6899999999998805 -334.0875214692797 -334.08768001861404
7.69999999999988 -334.0875214692797 -334.08768001861404
7.70999999999988 -334.0875214692797 -334.08768001861404
7.71999999999988 -334.0875214692797 -334.08768001861404
7.72999999999988 -334.0875214692797 -334.08768001861404
7.739999999999879 -334.0875214692797 -334.08768001861404
7.749999999999879 -334.0875214692797 -334.08768001861404
7.759999999999879 -334.0875214692797 -334.08768001861404
7.769999999999879 -334.0875214692797 -334.08768001861404
7.779999999999879 -334.0875214692797 -334.08768001861404
7.789999999999878 -334.0875214692797 -334.08768001861404
7.799999999999878 -334.0875214692797 -334.08768001861404
7.809999999999878 -334.0875214692797 -334.08768001861404
7.819999999999878 -334.0875214692797 -334.08768001861404
7.8299999999998775 -334.0875214692797 -334.08768001861404
7.839999999999877 -334.0875214692797 -334.08768001861404
7.849999999999877 -334.0875214692797 -334.08768001861404
7.859999999999877 -334.0875214692797 -334.08768001861404
7.869999999999877 -334.0875214692797 -334.08768001861404
7.879999999999876 -334.0875214692797 -334.08768001861404
7.889999999999876 -334.0875214692797 -334.08768001861404
7.899999999999876 -334.0875214692797 -334.08768001861404
7.909999999999876 -334.0875214692797 -334.08768001861404
7.919999999999876 -334.0875214692797 -334.08768001861404
7.929999999999875 -334.0875214692797 -334.08768001861404
7.939999999999875 -334.0875214692797 -334.08768001861404
7.949999999999875 -334.0875214692797 -334.08768001861404
7.959999999999875 -334.0875214692797 -334.08768001861404
7.9699999999998745 -334.0875214692797 -334.08768001861404
7.979999999999874 -334.0875214692797 -334.08768001861404
7.989999999999874 -334.0875214692797 -334.08768001861404
7.999999999999874 -334.0875214692797 -334.08768001861404
8.009999999999874 -334.0875214692797 -334.08768001861404
8.019999999999873 -334.0875214692797 -334.08768001861404
8.029999999999873 -334.0875214692797 -334.08768001861404
8.039999999999873 -334.0875214692797 -334.08768001861404
8.049999999999873 -334.0875214692797 -334.08768001861404
8.059999999999873 -334.0875214692797 -334.08768001861404
8.069999999999872 -334.0875214692797 -334.08768001861404
8.079999999999872 -334.0875214692797 -334.08768001861404
8.089999999999872 -334.0875214692797 -334.08768001861404
8.099999999999872 -334.0875214692797 -334.08768001861404
8.109999999999872 -334.0875214692797 -334.08768001861404
8.119999999999871 -334.0875214692797 -334.08768001861404
8.129999999999871 -334.0875214692797 -334.08768001861404
8.139999999999871 -334.0875214692797 -334.08768001861404
8.14999999999987 -334.0875214692797 -334.08768001861404
8.15999999999987 -334.0875214692797 -334.08768001861404
8.16999999999987 -334.0875214692797 -334.08768001861404
8.17999999999987 -334.0875214692797 -334.08768001861404
8.18999999999987 -334.0875214692797 -334.08768001861404
8.19999999999987 -334.0875214692797 -334.08768001861404
8.20999999999987 -334.0875214692797 -334.08768001861404
8.21999999999987 -334.0875214692797 -334.08768001861404
8.229999999999869 -334.0875214692797 -334.08768001861404
8.239999999999869 -334.0875214692797 -334.08768001861404
8.249999999999869 -334.0875214692797 -334.08768001861404
8.259999999999868 -334.0875214692797 -334.08768001861404
8.269999999999868 -334.0875214692797 -334.08768001861404
8.279999999999868 -334.0875214692797 -334.08768001861404
8.289999999999868 -334.0875214692797 -334.08768001861404
8.299999999999867 -334.0875214692797 -334.08768001861404
8.309999999999867 -334.0875214692797 -334.08768001861404
8.319999999999867 -334.0875214692797 -334.08768001861404
8.329999999999867 -334.0875214692797 -334.08768001861404
8.339999999999867 -334.0875214692797 -334.08768001861404
8.349999999999866 -334.0875214692797 -334.08768001861404
8.359999999999866 -334.0875214692797 -334.08768001861404
8.369999999999866 -334.0875214692797 -334.08768001861404
8.379999999999866 -334.0875214692797 -334.08768001861404
8.389999999999866 -334.0875214692797 -334.08768001861404
8.399999999999865 -334.0875214692797 -334.08768001861404
8.409999999999865 -334.0875214692797 -334.08768001861404
8.419999999999865 -334.0875214692797 -334.08768001861404
8.429999999999865 -334.0875214692797 -334.08768001861404
8.439999999999864 -334.0875214692797 -334.08768001861404
8.449999999999864 -334.0875214692797 -334.08768001861404
8.459999999999864 -334.0875214692797 -334.08768001861404
8.469999999999864 -334.0875214692797 -334.08768001861404
8.479999999999864 -334.0875214692797 -334.08768001861404
8.489999999999863 -334.0875214692797 -334.08768001861404
8.499999999999863 -334.0875214692797 -334.08768001861404
8.509999999999863 -334.0875214692797 -334.08768001861404
8.519999999999863 -334.0875214692797 -334.08768001861404
8.529999999999863 -334.0875214692797 -334.08768001861404
8.539999999999862 -334.0875214692797 -334.08768001861404
8.549999999999862 -334.0875214692797 -334.08768001861404
8.559999999999862 -334.0875214692797 -334.08768001861404
8.569999999999862 -334.0875214692797 -334.08768001861404
8.579999999999862 -334.0875214692797 -334.08768001861404
8.589999999999861 -334.0875214692797 -334.08768001861404
8.599999999999861 -334.0875214692797 -334.08768001861404
8.60999999999986 -334.0875214692797 -334.08768001861404
8.61999999999986 -334.0875214692797 -334.08768001861404
8.62999999999986 -334.0875214692797 -334.08768001861404
8.63999999999986 -334.0875214692797 -334.08768001861404
8.64999999999986 -334.0875214692797 -334.08768001861404
8.65999999999986 -334.0875214692797 -334.08768001861404
8.66999999999986 -334.0875214692797 -334.08768001861404
8.67999999999986 -334.0875214692797 -334.08768001861404
8.68999999999986 -334.0875214692797 -334.08768001861404
8.699999999999859 -334.0875214692797 -334.08768001861404
8.709999999999859 -334.0875214692797 -334.08768001861404
8.719999999999859 -334.0875214692797 -334.08768001861404
8.729999999999858 -334.0875214692797 -334.08768001861404
8.739999999999858 -334.0875214692797 -334.08768001861404
8.749999999999858 -334.0875214692797 -334.08768001861404
8.759999999999858 -334.0875214692797 -334.08768001861404
8.769999999999857 -334.0875214692797 -334.08768001861404
8.779999999999857 -334.0875214692797 -334.08768001861404
8.789999999999857 -334.0875214692797 -334.08768001861404
8.799999999999857 -334.0875214692797 -334.08768001861404
8.809999999999857 -334.0875214692797 -334.08768001861404
8.819999999999856 -334.0875214692797 -334.08768001861404
8.829999999999856 -334.0875214692797 -334.08768001861404
8.839999999999856 -334.0875214692797 -334.08768001861404
8.849999999999856 -334.0875214692797 -334.08768001861404
8.859999999999856 -334.0875214692797 -334.08768001861404
8.869999999999855 -334.0875214692797 -334.08768001861404
8.879999999999855 -334.0875214692797 -334.08768001861404
8.889999999999855 -334.0875214692797 -334.08768001861404
8.899999999999855 -334.0875214692797 -334.08768001861404
8.909999999999854 -334.0875214692797 -334.08768001861404
8.919999999999854 -334.0875214692797 -334.08768001861404
8.929999999999854 -334.0875214692797 -334.08768001861404
8.939999999999854 -334.0875214692797 -334.08768001861404
8.949999999999854 -334.0875214692797 -334.08768001861404
8.959999999999853 -334.0875214692797 -334.08768001861404
8.969999999999853 -334.0875214692797 -334.08768001861404
8.979999999999853 -334.0875214692797 -334.08768001861404
8.989999999999853 -334.0875214692797 -334.08768001861404
8.999999999999853 -334.0875214692797 -334.08768001861404
9.009999999999852 -334.0875214692797 -334.08768001861404
9.019999999999852 -334.0875214692797 -334.08768001861404
9.029999999999852 -334.0875214692797 -334.08768001861404
9.039999999999852 -334.0875214692797 -334.08768001861404
9.049999999999851 -334.0875214692797 -334.08768001861404
9.059999999999851 -334.0875214692797 -334.08768001861404
9.069999999999851 -334.0875214692797 -334.08768001861404
9.07999999999985 -334.0875214692797 -334.08768001861404
9.08999999999985 -334.0875214692797 -334.08768001861404
9.09999999999985 -334.0875214692797 -334.08768001861404
9.10999999999985 -334.0875214692797 -334.08768001861404
9.11999999999985 -334.0875214692797 -334.08768001861404
9.12999999999985 -334.0875214692797 -334.08768001861404
9.13999999999985 -334.0875214692797 -334.08768001861404
9.14999999999985 -334.0875214692797 -334.08768001861404
9.15999999999985 -334.0875214692797 -334.08768001861404
9.169999999999849 -334.0875214692797 -334.08768001861404
9.179999999999849 -334.0875214692797 -334.08768001861404
9.189999999999849 -334.0875214692797 -334.08768001861404
9.199999999999848 -334.0875214692797 -334.08768001861404
9.209999999999848 -334.0875214692797 -334.08768001861404
9.219999999999848 -334.0875214692797 -334.08768001861404
9.229999999999848 -334.0875214692797 -334.08768001861404
9.239999999999847 -334.0875214692797 -334.08768001861404
9.249999999999847 -334.0875214692797 -334.08768001861404
9.259999999999847 -334.0875214692797 -334.08768001861404
9.269999999999847 -334.0875214692797 -334.08768001861404
9.279999999999847 -334.0875214692797 -334.08768001861404
9.289999999999846 -334.0875214692797 -334.08768001861404
9.299999999999846 -334.0875214692797 -334.08768001861404
9.309999999999846 -334.0875214692797 -334.08768001861404
9.319999999999846 -334.0875214692797 -334.08768001861404
9.329999999999846 -334.0875214692797 -334.08768001861404
9.339999999999845 -334.0875214692797 -334.08768001861404
9.349999999999845 -334.0875214692797 -334.08768001861404
9.359999999999845 -334.0875214692797 -334.08768001861404
9.369999999999845 -334.0875214692797 -334.08768001861404
9.379999999999844 -334.0875214692797 -334.08768001861404
9.389999999999844 -334.0875214692797 -334.08768001861404
9.399999999999844 -334.0875214692797 -334.08768001861404
9.409999999999844 -334.0875214692797 -334.08768001861404
9.419999999999844 -334.0875214692797 -334.08768001861404
9.429999999999843 -334.0875214692797 -334.08768001861404
9.439999999999843 -334.0875214692797 -334.08768001861404
9.449999999999843 -334.0875214692797 -334.08768001861404
9.459999999999843 -334.0875214692797 -334.08768001861404
9.469999999999843 -334.0875214692797 -334.08768001861404
9.479999999999842 -334.0875214692797 -334.08768001861404
9.489999999999842 -334.0875214692797 -334.08768001861404
9.499999999999842 -334.0875214692797 -334.08768001861404
9.509999999999842 -334.0875214692797 -334.08768001861404
9.519999999999841 -334.0875214692797 -334.08768001861404
9.529999999999841 -334.0875214692797 -334.08768001861404
9.539999999999841 -334.0875214692797 -334.08768001861404
9.54999999999984 -334.0875214692797 -334.08768001861404
9.55999999999984 -334.0875214692797 -334.08768001861404
9.56999999999984 -334.0875214692797 -334.08768001861404
9.57999999999984 -334.0875214692797 -334.08768001861404
9.58999999999984 -334.0875214692797 -334.08768001861404
9.59999999999984 -334.0875214692797 -334.08768001861404
9.60999999999984 -334.0875214692797 -334.08768001861404
9.61999999999984 -334.0875214692797 -334.08768001861404
9.62999999999984 -334.0875214692797 -334.08768001861404
9.639999999999839 -334.0875214692797 -334.08768001861404
9.649999999999839 -334.0875214692797 -334.08768001861404
9.659999999999838 -334.0875214692797 -334.08768001861404
9.669999999999838 -334.0875214692797 -334.08768001861404
9.679999999999838 -334.0875214692797 -334.08768001861404
9.689999999999838 -334.0875214692797 -334.08768001861404
9.699999999999838 -334.0875214692797 -334.08768001861404
9.709999999999837 -334.0875214692797 -334.08768001861404
9.719999999999837 -334.0875214692797 -334.08768001861404
9.729999999999837 -334.0875214692797 -334.08768001861404
9.739999999999837 -334.0875214692797 -334.08768001861404
9.749999999999837 -334.0875214692797 -334.08768001861404
9.759999999999836 -334.0875214692797 -334.08768001861404
9.769999999999836 -334.0875214692797 -334.08768001861404
9.779999999999836 -334.0875214692797 -334.08768001861404
9.789999999999836 -334.0875214692797 -334.08768001861404
9.799999999999836 -334.0875214692797 -334.08768001861404
9.809999999999835 -334.0875214692797 -334.08768001861404
9.819999999999835 -334.0875214692797 -334.08768001861404
9.829999999999835 -334.0875214692797 -334.08768001861404
9.839999999999835 -334.0875214692797 -334.08768001861404
9.849999999999834 -334.0875214692797 -334.08768001861404
9.859999999999834 -334.0875214692797 -334.08768001861404
9.869999999999834 -334.0875214692797 -334.08768001861404
9.879999999999834 -334.0875214692797 -334.08768001861404
9.889999999999834 -334.0875214692797 -334.08768001861404
9.899999999999833 -334.0875214692797 -334.08768001861404
9.909999999999833 -334.0875214692797 -334.08768001861404
9.919999999999833 -334.0875214692797 -334.08768001861404
9.929999999999833 -334.0875214692797 -334.08768001861404
9.939999999999833 -334.0875214692797 -334.08768001861404
9.949999999999832 -334.0875214692797 -334.08768001861404
9.959999999999832 -334.0875214692797 -334.08768001861404
9.969999999999832 -334.0875214692797 -334.08768001861404
9.979999999999832 -334.0875214692797 -334.08768001861404
9.989999999999831 -334.0875214692797 -334.08768001861404
9.999999999999831 -334.0875214692797 -334.08768001861404
10.009999999999831 -334.0875214692797 -334.08768001861404
10.01999999999983 -334.0875214692797 -334.08768001861404
10.02999999999983 -334.0875214692797 -334.08768001861404
10.03999999999983 -334.0875214692797 -334.08768001861404
10.04999999999983 -334.0875214692797 -334.08768001861404
10.05999999999983 -334.0875214692797 -334.08768001861404
10.06999999999983 -334.0875214692797 -334.08768001861404
10.07999999999983 -334.0875214692797 -334.08768001861404
10.08999999999983 -334.0875214692797 -334.08768001861404
10.09999999999983 -334.0875214692797 -334.08768001861404
10.109999999999829 -334.0875214692797 -334.08768001861404
10.119999999999829 -334.0875214692797 -334.08768001861404
10.129999999999828 -334.0875214692797 -334.08768001861404
10.139999999999828 -334.0875214692797 -334.08768001861404
10.149999999999828 -334.0875214692797 -334.08768001861404
10.159999999999828 -334.0875214692797 -334.08768001861404
10.169999999999828 -334.0875214692797 -334.08768001861404
10.179999999999827 -334.0875214692797 -334.08768001861404
10.189999999999827 -334.0875214692797 -334.08768001861404
