0.05 -1.6022299403002627
0.06 -1.6076078480273595
0.07 -1.6108496799181637
0.08 -1.6129533713345612
0.09 -1.6143954666121387
0.1 -1.6154268864583334
0.11 -1.616189960405669
0.12 -1.616770303055339
0.13 -1.6172219210597873
0.14 -1.6175802485549746
0.15 -1.6178693159388362
0.16 -1.6181058864044229
0.17 -1.6183019421530276
0.18 -1.6184662320240428
0.19 -1.6186052646882032
0.2 -1.6187239633130335
0.21 -1.6188261074262003
0.22 -1.6189146375108825
0.23 -1.618991868990644
0.24 -1.619059645149423
0.25 -1.6191194481197142
0.26 -1.6191724805827474
0.27 -1.619219726691599
0.28 -1.61926199804359
0.29 -1.619299968752658
0.3 -1.619334202478273
0.31 -1.6193651734520684
0.32 -1.6193932829785587
0.33 -1.6194188724900043
0.34 -1.6194422339539722
0.35000000000000003 -1.6194636182297635
0.36 -1.6194832418230378
0.37 -1.6195012923801777
0.38 -1.6195179331840803
0.39 -1.6195333068535995
0.4 -1.6195475384034967
0.41000000000000003 -1.6195607377902446
0.42 -1.6195730020342993
0.43 -1.61958441700663
0.44 -1.6195950589301438
0.45 -1.6196049956398846
0.46 -1.6196142877240913
0.47000000000000003 -1.6196229893238523
0.48 -1.6196311490425868
0.49 -1.6196388105629183
0.5 -1.6196460132408614
0.51 -1.6196527926037394
0.52 -1.6196591805723797
0.53 -1.6196652070252966
0.54 -1.619670897683339
0.55 -1.6196762768732862
0.56 -1.619681366546302
0.5700000000000001 -1.6196861867397245
0.58 -1.6196907557724038
0.59 -1.6196950904061334
0.6 -1.6196992059011424
0.61 -1.6197031091941083
0.62 -1.6197068352839867
0.63 -1.61971037516606
0.64 -1.619713745651168
0.65 -1.6197169574711066
0.66 -1.619720020101521
0.67 -1.6197229422762758
0.68 -1.6197257320753469
0.6900000000000001 -1.6197283969781866
0.7000000000000001 -1.6197309438985132
0.71 -1.6197333791854645
0.72 -1.619735708519159
0.73 -1.6197379363129132
0.74 -1.6197400611356827
0.75 -1.6197419324933242
0.76 -1.619743974039292
0.77 -1.619745953393207
0.78 -1.6197477668012292
0.79 -1.6197495004952323
0.8 -1.619751163028117
0.81 -1.6197527586866414
0.8200000000000001 -1.6197542907822338
0.8300000000000001 -1.6197557622803134
0.84 -1.6197571758751395
0.85 -1.6197585340418121
0.86 -1.61975983904755
0.87 -1.6197610929454933
0.88 -1.6197622975497978
0.89 -1.6197634543816408
0.9 -1.6197645640616116
0.91 -1.6197656286075812
0.92 -1.61976664597064
0.93 -1.6197676140642272
0.9400000000000001 -1.6197685257826677
0.9500000000000001 -1.6197693623917147
0.96 -1.6197700683677487
0.97 -1.6197704277799332
0.98 -1.619768916503087
0.99 -1.6195595736559403
1.0 -1.6197679866522332
1.01 -1.6197732320189684
1.02 -1.6197746426464628
1.03 -1.619775551526674
1.04 -1.6197763052330487
1.05 -1.619776983941355
1.06 -1.619777614455323
1.07 -1.619778208345781
1.08 -1.6197787712674272
1.09 -1.6197793063855017
1.1 -1.6197798156550598
1.11 -1.6197803003770082
1.12 -1.6197807614622366
1.1300000000000001 -1.6197811995651796
1.1400000000000001 -1.6197816151537752
1.1500000000000001 -1.6197820085459025
1.16 -1.619782379926562
1.17 -1.6197827293526996
1.18 -1.6197830567486093
1.19 -1.6197833618915676
1.2 -1.6197836443495939
1.21 -1.6197839034788195
1.22 -1.6197841319735133
1.23 -1.619784348230403
1.24 -1.619784533451846
1.25 -1.6197846893665642
1.26 -1.6197848145928662
1.27 -1.6197849061432428
1.28 -1.619784960037021
1.29 -1.6197849710314456
1.3 -1.6197849321725073
1.31 -1.6197848341283407
1.32 -1.6197846641907492
1.33 -1.6197844047454035
1.34 -1.6197840308618174
1.35 -1.6197835059018726
1.36 -1.6197827772908238
1.37 -1.619781760110069
1.3800000000000001 -1.619780320284971
1.3900000000000001 -1.619778229660247
1.4000000000000001 -1.6197750760032168
1.41 -1.6197700512819666
1.42 -1.6197613900509784
1.43 -1.619744599366085
1.44 -1.6197052512741623
1.45 -1.6195736068773434
1.46 -1.6184240575508153
1.47 -1.6159943878585301
1.48 -1.619480494578536
1.49 -1.6196848239262007
1.5 -1.6197358348420168
1.51 -1.6197510144377807
1.52 -1.619767543766524
1.53 -1.6197735122740309
1.54 -1.6197770764593111
1.55 -1.61977936131628
1.56 -1.6197809216702732
1.57 -1.6197819907834257
1.58 -1.6197827386433272
1.59 -1.6197832609581304
1.6 -1.6197836187759052
1.61 -1.6197838525278923
1.62 -1.6197839898282556
1.6300000000000001 -1.619784050032091
1.6400000000000001 -1.6197840470029445
1.6500000000000001 -1.6197839908536782
1.6600000000000001 -1.6197838890734857
1.67 -1.6197837472766046
1.68 -1.6197835697111165
1.69 -1.6197833596117546
1.7 -1.61978311944896
1.71 -1.6197828511075094
1.72 -1.6197825560164734
1.73 -1.6197822352449216
1.74 -1.619781889573138
1.75 -1.6197815195460645
1.76 -1.61978112551359
1.77 -1.6197807076608899
1.78 -1.6197802660308904
1.79 -1.6197798005385096
1.8 -1.6197793109234175
1.81 -1.6197787970469821
1.82 -1.6197782581257598
1.83 -1.6197776883122759
1.84 -1.6197771026251837
1.85 -1.619776488592359
1.86 -1.619775845219801
1.87 -1.6197751732468353
1.8800000000000001 -1.6197744715085978
1.8900000000000001 -1.6197737383637465
1.9000000000000001 -1.6197729715276727
1.9100000000000001 -1.619772167579909
1.92 -1.61977132084316
1.93 -1.619770420593053
1.94 -1.6197694430290956
1.95 -1.6197683227893958
1.96 -1.6197668122561857
1.97 -1.619763158760306
1.98 -1.6194788557734565
1.99 -1.6197585746907888
2.0 -1.6197623131183534
2.0100000000000002 -1.6197619317459822
2.02 -1.6197609882797557
2.0300000000000002 -1.6197598558243498
2.04 -1.6197586195380984
2.05 -1.6197573061326442
2.06 -1.6197559250617757
2.07 -1.6197544792873952
2.08 -1.6197529694007518
2.09 -1.6197513937782395
2.1 -1.6197497504848295
2.11 -1.619748036892872
2.12 -1.619746249944071
2.13 -1.6197443862173133
2.14 -1.6197424419576651
2.15 -1.619740413084135
2.16 -1.619738295184273
2.17 -1.6197360834995127
2.18 -1.6197337729026688
2.19 -1.6197313578669112
2.2 -1.6197288324217842
2.21 -1.6197261900817232
2.22 -1.6197234236953386
2.23 -1.6197205249850912
2.24 -1.6197174822741571
2.25 -1.6197142554767712
2.2600000000000002 -1.6196109982706397
2.27 -1.6197074174232406
2.2800000000000002 -1.6197037740378772
2.29 -1.6196999094871298
2.3000000000000003 -1.6196958381175037
2.31 -1.6196915494982966
2.32 -1.6196870294054506
2.33 -1.61968226170343
2.34 -1.6196772285868548
2.35 -1.6196719105207449
2.36 -1.619666286088501
2.37 -1.6196603317925553
2.38 -1.619654021817581
2.39 -1.6196473277560421
2.4 -1.6196402182917446
2.41 -1.6196326588351446
2.42 -1.6196246110811359
2.43 -1.6196160323802522
2.44 -1.6196068708934321
2.45 -1.6195970857338862
2.46 -1.6195866146586848
2.47 -1.6195753852891408
2.48 -1.6195633276537889
2.49 -1.6195503592259457
2.5 -1.6195363867354309
2.5100000000000002 -1.6195213046439714
2.52 -1.6195049931942322
2.5300000000000002 -1.619487316064904
2.54 -1.6194681175587007
2.5500000000000003 -1.61944721921843
2.56 -1.6194244157355724
2.57 -1.619399469971766
2.58 -1.619372106544086
2.59 -1.619342006166441
2.6 -1.619308793137873
2.61 -1.6192720265459852
2.62 -1.6192311852997665
2.63 -1.6191856498318506
2.64 -1.6191346793063162
2.65 -1.6190773823375282
2.66 -1.6190126792303223
2.67 -1.618939252878362
2.68 -1.6188554843334888
2.69 -1.6187593674520817
2.7 -1.6186483945927705
2.71 -1.6185194029933316
2.72 -1.6183683623249454
2.73 -1.618190084935533
2.74 -1.6179778181527351
2.75 -1.6177226700384444
2.7600000000000002 -1.617412790631122
2.77 -1.6170321957442848
2.7800000000000002 -1.6165590702988362
2.79 -1.6159633273067928
2.8000000000000003 -1.615203148925629
2.81 -1.6142202771365992
2.82 -1.612934180618535
2.83 -1.6112364651099558
2.84 -1.608990074285692
2.85 -1.6060439258738064
2.86 -1.6022795127559
2.87 -1.5976953692894675
2.88 -1.593143807436982
2.89 -1.5957180464523915
2.9 -1.596621760930831
2.91 -1.5942921049245684
2.92 -1.586662668701168
2.93 -1.580421206606524
2.94 -1.5944979274842668
2.95 -1.6023946145504915
2.96 -1.6027671163508943
2.97 -1.5648634920800009
2.98 -1.6058254036132014
2.99 -1.6129550506126937
3.0 -1.6149831222965654
3.0100000000000002 -1.6123481323316897
3.02 -1.6165549960883314
3.0300000000000002 -1.6172926878269793
3.04 -1.617689661950074
3.0500000000000003 -1.6179795930775103
3.06 -1.6182099124503373
3.0700000000000003 -1.61839975254436
3.08 -1.6185545096064686
3.09 -1.618684285256352
3.1 -1.618793958677906
3.11 -1.6188890572343493
3.12 -1.6189708763232065
3.13 -1.6190422047452875
3.14 -1.619104799946261
3.15 -1.6191600567044275
3.16 -1.6192090960658478
3.17 -1.619252828938687
3.18 -1.619292002633089
3.19 -1.6193272355312909
3.2 -1.619359043309481
3.21 -1.6193878590340882
3.22 -1.6194140487451656
3.23 -1.619437923668007
3.24 -1.6194597498739212
3.25 -1.6194797559894933
3.2600000000000002 -1.6194981393975374
3.27 -1.6195150712614452
3.2800000000000002 -1.6195307006238278
3.29 -1.6195451577711109
3.3000000000000003 -1.6195585570117756
3.31 -1.6195709989830798
3.3200000000000003 -1.6195825725761586
3.33 -1.6195933565504483
3.34 -1.619603420893785
3.35 -1.6196128279731743
3.36 -1.6196216335124773
3.37 -1.6196298874262398
3.38 -1.6196376345334897
3.39 -1.6196449151709056
3.4 -1.6196517657213263
3.41 -1.6196582190707338
3.42 -1.6196643050046127
3.43 -1.6196700505527146
3.44 -1.6196754802898026
3.45 -1.6196806165986846
3.46 -1.6196854799008715
3.47 -1.619690088859336
3.48 -1.619694460557172
3.49 -1.6196986106553775
3.5 -1.6197025535325218
3.5100000000000002 -1.619706302408611
3.52 -1.6197098694551884
3.5300000000000002 -1.6197132658933726
3.54 -1.6197165020813216
3.5500000000000003 -1.619719587592349
3.56 -1.6197225312846002
3.5700000000000003 -1.619725341358236
3.58 -1.6197280254246964
3.59 -1.6197305905483335
3.6 -1.6197330433125197
3.61 -1.6197353771480154
3.62 -1.6197372854369232
3.63 -1.619739786432284
3.64 -1.6197418468085618
3.65 -1.6197438211891448
3.66 -1.6197457117936012
3.67 -1.6197475139954682
3.68 -1.6197492724674305
3.69 -1.619750945394797
3.7 -1.6197525510389483
3.71 -1.619754092801697
3.72 -1.6197555734566889
3.73 -1.6197569952201163
3.74 -1.6197583588739553
3.75 -1.6197596575221342
3.7600000000000002 -1.6197607295609635
3.77 -1.6197618801657547
3.7800000000000002 -1.6197633057252714
3.79 -1.6197644493478471
3.8000000000000003 -1.6197655363768928
3.81 -1.6197665790588796
3.8200000000000003 -1.6197675808324405
3.83 -1.6197685436067852
3.84 -1.6197694687674087
3.85 -1.6197703573737343
3.86 -1.6197712101589974
3.87 -1.6197720274214245
3.88 -1.6197728087719816
3.89 -1.6197735525951364
3.9 -1.619774254830556
3.91 -1.6197749059232445
3.92 -1.6197754819880616
3.93 -1.6197759131867113
3.94 -1.6197759252922423
3.95 -1.6197735009625212
3.96 -1.6192352231953169
3.97 -1.619772694579047
3.98 -1.6197779572975894
3.99 -1.6197792526358665
4.0 -1.6197800048435573
